51
56
88
118
126
192
210
293
296
303
326
359
427
458
578
612
630
660
662
668
702
778
818
846
902
996
1018
1046
1075
1127
1128
1152
1311
1367
1371
1372
1481
1495
1502
1506
1605
1606
1626
1674
1682
1701
1709
1742
1769
1837
1857
1897
1898
1907
1926
1927
1963
1969
1999
2009
2058
2062
2079
2081
2082
2084
2100
2101
2112
2121
2191
2212
2245
2269
2298
2310
2327
2340
2483
2500
2526
2586
2624
2642
2746
2770
2806
2854
2864
2890
2914
2974
2996
3024
3160
3204
3262
3286
3396
3429
3516
3520
3562
3563
3612
3673
3691
3702
3743
3806
3849
3876
3881
3896
3932
3937
3944
4002
4008
4009
4023
4044
4058
4067
4072
4082
4106
4108
4110
4123
4150
4159
4201
4265
4268
4310
4444
4496
4527
4539
4556
4563
4565
4588
4597
4608
4629
4656
4686
4744
4748
4854
4870
4911
4931
5007
5010
5026
5042
5048
5120
5144
5192
5244
5246
5266
5286
5317
5321
5330
5340
5342
5398
5468
5502
5560
5563
5604
5608
5615
5662
5674
5686
5690
5801
5828
5830
5844
5884
5888
5910
6008
6034
6103
6180
6228
6236
6302
6326
6332
6422
6446
6486
6502
6611
6645
6648
6676
6681
6684
6704
6730
6738
6757
6848
6857
6875
6917
6923
6928
6930
6958
6960
6967
6968
6970
6972
6983
7066
7129
7216
7267
7272
7279
7318
7355
7391
7451
7458
7485
7648
7649
7708
7728
7846
7874
7894
7932
7934
7969
7981
7985
8000
8027
8089
8093
8096
8098
8108
8134
8157
8158
8172
8250
8288
8294
8304
8354
8369
8488
8515
8527
8531
8533
8545
8682
8687
8703
8739
8761
8770
8788
8885
8894
8897
8912
8978
8982
9027
9034
9035
9038
9047
9055
9067
9083
9126
9166
9194
9195
9209
9297
9322
9342
9422
9438
9452
9455
9459
9473
9528
9530
9534
9666
9687
9699
9702
9717
9720
9742
9744
9750
9806
9914
10022
10044
10080
10168
10176
10203
10204
10221
10224
10245
10254
10276
10283
10323
10326
10352
10380
10439
10530
10604
10781
10821
10840
10844
10849
10861
10874
10884
10914
10919
10974
11014
11019
11026
11060
11072
11077
11098
11129
11172
11187
11218
11231
11318
11320
11335
11354
11428
11462
11532
11574
11615
11620
11694
11730
11746
11834
11848
11878
11948
12008
12020
12103
12140
12184
12500
12550
12652
12690
12703
12716
12723
12796
12869
12872
12888
12897
12926
12992
13044
13098
13184
13196
13214
13216
13240
13253
13268
13280
13366
13408
13450
13464
13544
13583
13598
13614
13694
13734
13758
13798
13822
13880
13918
13962
14034
14072
14092
14110
14136
14144
14153
14160
14161
14269
14276
14282
14292
14319
14323
14328
14356
14384
14425
14526
14574
14644
14752
14817
14820
14890
14937
14959
14991
15017
15028
15042
15046
15060
15120
15190
15198
15208
15273
15280
15284
15291
15329
15344
15462
15471
15504
15530
15549
15564
15600
15628
15648
15655
15692
15770
15814
15864
15873
15882
15890
15904
15910
15926
15928
15946
15949
15960
16119
16160
16178
16196
16217
16306
16352
16363
16396
16402
16485
16498
16520
16585
16595
16607
16618
16619
16640
16679
16684
16726
16868
16905
16933
16941
16957
16987
17023
17025
17049
17050
17075
17132
17134
17200
17214
17239
17360
17376
17392
17476
17606
17670
17726
17770
17797
17930
17932
18028
18073
18076
18093
18102
18113
18124
18178
18212
18219
18222
18253
18273
18301
18337
18424
18464
18470
18507
18576
18590
18603
18631
18641
18665
18670
18743
18750
18832
18892
18904
18914
18923
18929
18936
19038
19074
19119
19179
19196
19303
19319
19376
19407
19480
19490
19491
19492
19504
19535
19565
19583
19584
19612
19656
19686
19702
19738
19760
19772
19774
19787
19822
19857
19859
19871
19872
19930
19960
19969
19974
20012
20060
20117
20123
20205
20215
20244
20256
20325
20369
20371
20391
20418
20487
20531
20534
20584
20596
20608
20632
20658
20661
20662
20681
20713
20724
20731
20735
20736
20762
20895
20911
20936
20953
20976
20978
21008
21028
21078
21082
21142
21266
21290
21354
21358
21380
21392
21497
21508
21534
21553
21560
21600
21620
21635
21721
21736
21768
21780
21800
21848
21898
21907
21944
21954
22139
22144
22152
22224
22254
22288
22294
22337
22344
22352
22362
22364
22444
22509
22565
22618
22634
22704
22706
22752
22764
22783
22829
22830
22910
22954
22976
22986
23032
23088
23093
23108
23120
23124
23198
23250
23336
23358
23372
23378
23499
23506
23536
23586
23598
23606
23616
23706
23786
23813
23828
23914
23940
24058
24072
24079
24081
24103
24105
24188
24268
24275
24308
24320
24346
24348
24389
24403
24429
24458
24562
24640
24676
24698
24856
24861
24872
24892
24893
24896
24940
24952
24962
24978
24993
25051
25082
25166
25167
25206
25285
25290
25305
25306
25312
25325
25330
25374
25389
25395
25399
25427
25460
25461
25520
25529
25584
25629
25678
25694
25701
25729
25754
25914
25932
25953
25954
25987
26044
26055
26058
26103
26139
26150
26186
26191
26219
26256
26292
26362
26369
26371
26408
26418
26422
26438
26475
26507
26565
26619
26623
26636
26645
26665
26685
26713
26716
26728
26731
26761
26766
26799
26843
26850
26853
26859
26930
27023
27092
27094
27114
27122
27148
27176
27200
27206
27246
27266
27305
27322
27326
27327
27332
27401
27407
27414
27428
27445
27502
27504
27512
27550
27580
27583
27603
27620
27628
27638
27659
27712
27749
27796
27841
27859
27865
27900
27990
28101
28131
28160
28186
28203
28221
28230
28257
28286
28296
28306
28317
28385
28402
28403
28408
28427
28438
28451
28457
28486
28546
28607
28627
28692
28725
28746
28763
28772
28784
28798
28814
28818
28968
29074
29077
29102
29107
29120
29128
29190
29250
29262
29264
29341
29394
29420
29446
29456
29468
29469
29471
29477
29478
29488
29490
29497
29498
29515
29540
29541
29559
29560
29585
29599
29609
29614
29644
29684
29704
29718
29723
29759
29768
29772
29805
29809
29848
29869
29891
29895
29918
29934
30058
30111
30144
30147
30196
30212
30312
30320
30331
30352
30373
30382
30388
30413
30473
30496
30668
30680
30700
30706
30770
30787
30807
30822
30849
30871
30891
30948
30965
30992
31015
31040
31043
31059
31082
31109
31171
31172
31194
31199
31350
31410
31466
31470
31476
31502
31506
31760
31769
31778
31785
31808
31836
31877
31895
31898
31937
32036
32062
32086
32130
32144
32160
32168
32323
32388
32426
32454
32456
32494
32511
32514
32520
32541
32574
32592
32605
32624
32682
32690
32724
32746
32754
32785
32789
32793
32800
32810
32834
32843
32846
32867
32869
32899
32905
32925
32946
32950
32952
33003
33066
33112
33136
33142
33148
33172
33214
33244
33257
33277
33302
33340
33349
33365
33437
33482
33534
33536
33578
33598
33608
33645
33647
33657
33661
33665
33669
33670
33677
33678
33685
33723
33732
33831
33847
33914
33921
33928
33934
33940
33968
34002
34036
34070
34172
34177
34237
34244
34246
34251
34262
34283
34296
34305
34345
34356
34416
34440
34471
34480
34502
34523
34538
34541
34555
34580
34582
34586
34624
34634
34648
34665
34686
34706
34708
34798
34821
34854
34902
34958
35140
35148
35262
35276
35282
35348
35400
35488
35536
35620
35700
35717
35739
35742
35757
35800
35815
35816
35823
35853
35896
35936
35972
35982
36022
36084
36138
36168
36223
36241
36260
36312
36331
36362
36376
36409
36412
36440
36468
36484
36549
36562
36620
36628
36686
36712
36714
36749
36764
36780
36797
36809
36824
36829
36838
36848
36882
36929
36953
36966
37140
37141
37252
37261
37336
37346
37415
37425
37440
37557
37656
37677
37697
37704
37705
37708
37744
37758
37780
37841
37844
37854
37902
37946
37970
38022
38040
38043
38054
38062
38110
38138
38155
38200
38212
38231
38252
38280
38289
38322
38330
38332
38334
38390
38408
38411
38440
38473
38484
38488
38577
38590
38610
38640
38655
38656
38660
38662
38675
38722
38816
38835
38873
38914
38926
38946
39021
39023
39044
39050
39055
39075
39115
39155
39156
39207
39220
39233
39236
39306
39405
39409
39422
39463
39494
39498
39570
39581
39606
39615
39623
39628
39665
39742
39758
39788
39792
39800
39811
39817
39854
39856
39898
39944
40002
40082
40099
40122
40124
40138
40173
40180
40218
40246
40262
40280
40312
40322
40332
40414
40428
40514
40586
40599
40630
40690
40720
40778
40780
40844
40915
40930
40965
40969
41038
41051
41056
41069
41077
41100
41156
41286
41296
41320
41350
41352
41358
41384
41387
41432
41462
41490
41556
41618
41620
41646
41667
41746
41806
41874
41880
41896
41933
42053
42084
42100
42121
42141
42170
42193
42230
42237
42250
42262
42267
42270
42287
42317
42321
42324
42337
42342
42362
42402
42433
42446
42456
42483
42488
42499
42526
42552
42559
42599
42608
42623
42634
42720
42734
42744
42764
42771
42776
42795
42818
42867
42896
42915
42960
43011
43188
43216
43226
43266
43422
43445
43468
43472
43508
43556
43613
43662
43694
43712
43727
43736
43804
43874
43884
43932
43939
44000
44003
44060
44094
44268
44372
44394
44410
44451
44513
44518
44551
44619
44690
44700
44703
44723
44743
44744
44750
44777
44846
44859
44862
44870
44871
44897
44951
44955
44958
44979
45042
45082
45303
45359
45371
45384
45386
45417
45418
45442
45467
45494
45502
45503
45526
45539
45557
45580
45608
45682
45695
45760
45875
45934
45960
45966
46090
46166
46292
46328
46398
46410
46430
46443
46446
46484
46488
46494
46535
46536
46579
46617
46625
46627
46628
46763
46775
46797
46822
46860
46871
46896
46926
46944
46952
47000
47046
47073
47124
47156
47186
47190
47202
47205
47251
47267
47288
47316
47370
47372
47376
47396
47406
47476
47616
47696
47714
47737
47759
47786
47797
47812
47820
47822
47860
47902
48006
48023
48039
48059
48111
48121
48156
48167
48173
48196
48200
48267
48274
48295
48299
48322
48337
48371
48526
48529
48547
48564
48594
48602
48612
48631
48676
48729
48772
48778
48791
48810
48911
48920
48971
49004
49022
49086
49124
49132
49164
49220
49263
49306
49311
49336
49387
49426
49427
49518
49535
49594
49596
49622
49626
49716
49774
49815
49835
49848
49853
49889
49894
49939
49949
49954
49974
49987
49989
50018
50026
50057
50058
50101
50123
50127
50202
50208
50266
50281
50310
50354
50390
50444
50505
50526
50534
50542
50586
50610
50628
50637
50643
50654
50696
50734
50774
50804
50876
50929
50958
50974
51024
51041
51044
51122
51186
51210
51246
51290
51314
51336
51352
51375
51404
51422
51466
51479
51520
51546
51573
51585
51587
51627
51734
51740
51774
51815
51865
52130
52131
52409
52426
52438
52470
52504
52520
52558
52597
52599
52609
52621
52688
52768
52804
52832
52836
52865
52870
52955
53014
53051
53116
53117
53174
53212
53243
53290
53299
53339
53350
53360
53380
53403
53429
53444
53487
53502
53508
53529
53535
53536
53537
53540
53562
53575
53641
53670
53684
53685
53788
53800
53857
53881
53894
53916
53924
53932
53936
53970
53982
54004
54080
54086
54101
54102
54141
54172
54235
54237
54272
54303
54351
54356
54371
54404
54414
54421
54436
54459
54464
54492
54502
54512
54515
54549
54595
54608
54609
54620
54629
54649
54690
54715
54723
54728
54764
54812
54844
54922
54927
54980
54982
55056
55075
55152
55246
55290
55345
55350
55354
55420
55456
55457
55582
55656
55666
55670
55804
55805
55806
55873
55936
55986
56101
56137
56158
56174
56176
56219
56248
56377
56389
56419
56424
56429
56533
56570
56609
56625
56626
56635
56639
56662
56707
56709
56736
56781
56801
56813
56918
56939
56941
56954
56969
56990
57055
57064
57068
57120
57162
57176
57214
57298
57326
57346
57364
57420
57494
57536
57586
57622
57629
57645
57682
57693
57700
57705
57720
57742
57746
57795
57811
57843
57847
57887
58007
58053
58055
58073
58110
58115
58223
58265
58376
58386
58396
58402
58408
58457
58458
58462
58471
58489
58492
58500
58521
58523
58532
58546
58560
58575
58594
58718
58726
58743
58754
58765
58784
58864
58973
58982
59012
59043
59099
59105
59155
59165
59175
59187
59225
59249
59256
59267
59420
59421
59439
59450
59457
59477
59541
59585
59659
59718
59795
59878
